// For Copy: PRODUCTIVITY SHOCKS

// For Copy: TRANSITION MATRIX FOR PRODUCTIVITY SHOCKS

const double risk_states[9] ={-0.200000000000000, -0.200000000000000, -0.200000000000000, 0.000000000000000, 0.000000000000000, 0.000000000000000, 0.200000000000000, 0.200000000000000, 0.200000000000000};

const double laborincome_states[9] ={exp(-0.200000000000000), exp(0.000000000000000), exp(0.200000000000000), exp(-0.200000000000000), exp(0.000000000000000), exp(0.200000000000000), exp(-0.200000000000000), exp(0.000000000000000), exp(0.200000000000000)};

const double risk_labor_trans[9][9] = {
{0.301129546168494, 0.007400537237426, 0.000007455672132, 0.221146118586623, 0.156357765019596, 0.005421038941806, 0.017552172521912, 0.160747799519566, 0.130237566332444},
{0.245325890090166, 0.062408768806736, 0.000802880181150, 0.062408768464986, 0.258107385308455, 0.062408768774585, 0.000802880170835, 0.062408768432834, 0.245325889770252},
{0.130237566380293, 0.160747800027276, 0.017552172670483, 0.005421038894090, 0.156357764584640, 0.221146119069296, 0.000007455671999, 0.007400537164673, 0.301129545537250},
{0.301129545852872, 0.007400537201049, 0.000007455672066, 0.221146118827960, 0.156357764802118, 0.005421038917948, 0.017552172596198, 0.160747799773421, 0.130237566356369},
{0.245325889930209, 0.062408768619785, 0.000802880175993, 0.062408768619785, 0.258107385308455, 0.062408768619785, 0.000802880175993, 0.062408768619785, 0.245325889930209},
{0.130237566356369, 0.160747799773421, 0.017552172596198, 0.005421038917948, 0.156357764802118, 0.221146118827960, 0.000007455672066, 0.007400537201049, 0.301129545852872},
{0.301129545537250, 0.007400537164672, 0.000007455671999, 0.221146119069296, 0.156357764584640, 0.005421038894090, 0.017552172670483, 0.160747800027276, 0.130237566380293},
{0.245325889770252, 0.062408768432834, 0.000802880170835, 0.062408768774585, 0.258107385308455, 0.062408768464986, 0.000802880181150, 0.062408768806737, 0.245325890090166},
{0.130237566332444, 0.160747799519565, 0.017552172521912, 0.005421038941806, 0.156357765019596, 0.221146118586623, 0.000007455672132, 0.007400537237426, 0.301129546168494}};

const double risk_pre_states[9] ={-0.200000000000000, -0.200000000000000, -0.200000000000000, 0.000000000000000, 0.000000000000000, 0.000000000000000, 0.200000000000000, 0.200000000000000, 0.200000000000000};

const double laborincome_pre_states[9] ={exp(-0.200000000000000), exp(0.000000000000000), exp(0.200000000000000), exp(-0.200000000000000), exp(0.000000000000000), exp(0.200000000000000), exp(-0.200000000000000), exp(0.000000000000000), exp(0.200000000000000)};

const double risk_labor_pre_trans[9][9] = {
{0.301129546168494, 0.007400537237426, 0.000007455672132, 0.221146118586623, 0.156357765019596, 0.005421038941806, 0.017552172521912, 0.160747799519566, 0.130237566332444},
{0.245325890090166, 0.062408768806736, 0.000802880181150, 0.062408768464986, 0.258107385308455, 0.062408768774585, 0.000802880170835, 0.062408768432834, 0.245325889770252},
{0.130237566380293, 0.160747800027276, 0.017552172670483, 0.005421038894090, 0.156357764584640, 0.221146119069296, 0.000007455671999, 0.007400537164673, 0.301129545537250},
{0.301129545852872, 0.007400537201049, 0.000007455672066, 0.221146118827960, 0.156357764802118, 0.005421038917948, 0.017552172596198, 0.160747799773421, 0.130237566356369},
{0.245325889930209, 0.062408768619785, 0.000802880175993, 0.062408768619785, 0.258107385308455, 0.062408768619785, 0.000802880175993, 0.062408768619785, 0.245325889930209},
{0.130237566356369, 0.160747799773421, 0.017552172596198, 0.005421038917948, 0.156357764802118, 0.221146118827960, 0.000007455672066, 0.007400537201049, 0.301129545852872},
{0.301129545537250, 0.007400537164672, 0.000007455671999, 0.221146119069296, 0.156357764584640, 0.005421038894090, 0.017552172670483, 0.160747800027276, 0.130237566380293},
{0.245325889770252, 0.062408768432834, 0.000802880170835, 0.062408768774585, 0.258107385308455, 0.062408768464986, 0.000802880181150, 0.062408768806737, 0.245325890090166},
{0.130237566332444, 0.160747799519565, 0.017552172521912, 0.005421038941806, 0.156357765019596, 0.221146118586623, 0.000007455672132, 0.007400537237426, 0.301129546168494}};

