// For Copy: PRODUCTIVITY SHOCKS

// For Copy: TRANSITION MATRIX FOR PRODUCTIVITY SHOCKS

const double risk_states[9] ={-0.200000000000000, -0.200000000000000, -0.200000000000000, 0.000000000000000, 0.000000000000000, 0.000000000000000, 0.200000000000000, 0.200000000000000, 0.200000000000000};

const double laborincome_states[9] ={exp(-0.200000000000000), exp(0.000000000000000), exp(0.200000000000000), exp(-0.200000000000000), exp(0.000000000000000), exp(0.200000000000000), exp(-0.200000000000000), exp(0.000000000000000), exp(0.200000000000000)};

const double risk_labor_trans[9][9] = {
{0.308537539078052, 0.000000000000000, 0.000000000000000, 0.231290298198977, 0.151634624349049, 0.000000000000000, 0.000000000000000, 0.172871477427539, 0.135666060946383},
{0.302255863859533, 0.006281675218519, 0.000000000000000, 0.006281674866454, 0.370361572466195, 0.006281675215378, 0.000000000000000, 0.006281674863312, 0.302255863510609},
{0.135666060946383, 0.172871478131670, 0.000000000000000, 0.000000000000000, 0.151634623644919, 0.231290298903107, 0.000000000000000, 0.000000000000000, 0.308537538373922},
{0.308537538725987, 0.000000000000000, 0.000000000000000, 0.231290298551042, 0.151634623996984, 0.000000000000000, 0.000000000000000, 0.172871477779604, 0.135666060946383},
{0.302255863685071, 0.006281675040916, 0.000000000000000, 0.006281675040916, 0.370361572466195, 0.006281675040916, 0.000000000000000, 0.006281675040916, 0.302255863685071},
{0.135666060946383, 0.172871477779604, 0.000000000000000, 0.000000000000000, 0.151634623996984, 0.231290298551042, 0.000000000000000, 0.000000000000000, 0.308537538725987},
{0.308537538373922, 0.000000000000000, 0.000000000000000, 0.231290298903107, 0.151634623644919, 0.000000000000000, 0.000000000000000, 0.172871478131670, 0.135666060946383},
{0.302255863510609, 0.006281674863312, 0.000000000000000, 0.006281675215378, 0.370361572466195, 0.006281674866454, 0.000000000000000, 0.006281675218519, 0.302255863859533},
{0.135666060946383, 0.172871477427539, 0.000000000000000, 0.000000000000000, 0.151634624349049, 0.231290298198977, 0.000000000000000, 0.000000000000000, 0.308537539078052}};

const double risk_pre_states[9] ={-0.200000000000000, -0.200000000000000, -0.200000000000000, 0.000000000000000, 0.000000000000000, 0.000000000000000, 0.200000000000000, 0.200000000000000, 0.200000000000000};

const double laborincome_pre_states[9] ={exp(-0.200000000000000), exp(0.000000000000000), exp(0.200000000000000), exp(-0.200000000000000), exp(0.000000000000000), exp(0.200000000000000), exp(-0.200000000000000), exp(0.000000000000000), exp(0.200000000000000)};

const double risk_labor_pre_trans[9][9] = {
{0.308537539078052, 0.000000000000000, 0.000000000000000, 0.231290298198977, 0.151634624349049, 0.000000000000000, 0.000000000000000, 0.172871477427539, 0.135666060946383},
{0.302255863859533, 0.006281675218519, 0.000000000000000, 0.006281674866454, 0.370361572466195, 0.006281675215378, 0.000000000000000, 0.006281674863312, 0.302255863510609},
{0.135666060946383, 0.172871478131670, 0.000000000000000, 0.000000000000000, 0.151634623644919, 0.231290298903107, 0.000000000000000, 0.000000000000000, 0.308537538373922},
{0.308537538725987, 0.000000000000000, 0.000000000000000, 0.231290298551042, 0.151634623996984, 0.000000000000000, 0.000000000000000, 0.172871477779604, 0.135666060946383},
{0.302255863685071, 0.006281675040916, 0.000000000000000, 0.006281675040916, 0.370361572466195, 0.006281675040916, 0.000000000000000, 0.006281675040916, 0.302255863685071},
{0.135666060946383, 0.172871477779604, 0.000000000000000, 0.000000000000000, 0.151634623996984, 0.231290298551042, 0.000000000000000, 0.000000000000000, 0.308537538725987},
{0.308537538373922, 0.000000000000000, 0.000000000000000, 0.231290298903107, 0.151634623644919, 0.000000000000000, 0.000000000000000, 0.172871478131670, 0.135666060946383},
{0.302255863510609, 0.006281674863312, 0.000000000000000, 0.006281675215378, 0.370361572466195, 0.006281674866454, 0.000000000000000, 0.006281675218519, 0.302255863859533},
{0.135666060946383, 0.172871477427539, 0.000000000000000, 0.000000000000000, 0.151634624349049, 0.231290298198977, 0.000000000000000, 0.000000000000000, 0.308537539078052}};

