// For Copy: PRODUCTIVITY SHOCKS

// For Copy: TRANSITION MATRIX FOR PRODUCTIVITY SHOCKS

const double  risk_states[1] ={0.000000000000000};

const  double laborincome_states[7] ={exp(-0.600000000000000), exp(-0.400000000000000), exp(-0.200000000000000), exp(0.000000000000000), exp(0.200000000000000), exp(0.400000000000000), exp(0.600000000000000)};

const  double risk_trans[1][1] = {
{1.000000000000000}};

const  double laborincome_trans[7][7] = {
{0.190786952852511, 0.455382813820213, 0.301748953912057, 0.050061141925273, 0.002001600752100, 0.000018498446505, 0.000000038291341},
{0.052081279415219, 0.301748953912057, 0.455382813820213, 0.173993646404062, 0.016424227994174, 0.000367205462269, 0.000001872992006},
{0.008774475095738, 0.121520042041071, 0.419443707693304, 0.365696052818551, 0.080233273988323, 0.004279136013261, 0.000053312349751},
{0.000889025299108, 0.029507336466153, 0.235589167283439, 0.468028941902599, 0.235589167283439, 0.029507336466153, 0.000889025299108},
{0.000053312349751, 0.004279136013261, 0.080233273988323, 0.365696052818551, 0.419443707693304, 0.121520042041070, 0.008774475095738},
{0.000001872992006, 0.000367205462269, 0.016424227994174, 0.173993646404062, 0.455382813820213, 0.301748953912057, 0.052081279415219},
{0.000000038291341, 0.000018498446505, 0.002001600752100, 0.050061141925274, 0.301748953912057, 0.455382813820213, 0.190786952852511}};

const double  risk_pre_states[1] ={0.000000000000000};

const double  laborincome_pre_states[7] ={exp(-0.600000000000000), exp(-0.400000000000000), exp(-0.200000000000000), exp(0.000000000000000), exp(0.200000000000000), exp(0.400000000000000), exp(0.600000000000000)};

const double  risk_pre_trans[1][1] = {
{1.000000000000000}};

const double  laborincome_pre_trans[7][7] = {
{0.190786952852511, 0.455382813820213, 0.301748953912057, 0.050061141925273, 0.002001600752100, 0.000018498446505, 0.000000038291341},
{0.052081279415219, 0.301748953912057, 0.455382813820213, 0.173993646404062, 0.016424227994174, 0.000367205462269, 0.000001872992006},
{0.008774475095738, 0.121520042041071, 0.419443707693304, 0.365696052818551, 0.080233273988323, 0.004279136013261, 0.000053312349751},
{0.000889025299108, 0.029507336466153, 0.235589167283439, 0.468028941902599, 0.235589167283439, 0.029507336466153, 0.000889025299108},
{0.000053312349751, 0.004279136013261, 0.080233273988323, 0.365696052818551, 0.419443707693304, 0.121520042041070, 0.008774475095738},
{0.000001872992006, 0.000367205462269, 0.016424227994174, 0.173993646404062, 0.455382813820213, 0.301748953912057, 0.052081279415219},
{0.000000038291341, 0.000018498446505, 0.002001600752100, 0.050061141925274, 0.301748953912057, 0.455382813820213, 0.190786952852511}};

