// For Copy: PRODUCTIVITY SHOCKS

// For Copy: TRANSITION MATRIX FOR PRODUCTIVITY SHOCKS

const  double  risk_shock_states[25] ={exp(-0.400000000000000), exp(-0.400000000000000), exp(-0.400000000000000), exp(-0.400000000000000), exp(-0.400000000000000), exp(-0.200000000000000), exp(-0.200000000000000), exp(-0.200000000000000), exp(-0.200000000000000), exp(-0.200000000000000), exp(0.000000000000000), exp(0.000000000000000), exp(0.000000000000000), exp(0.000000000000000), exp(0.000000000000000), exp(0.200000000000000), exp(0.200000000000000), exp(0.200000000000000), exp(0.200000000000000), exp(0.200000000000000), exp(0.400000000000000), exp(0.400000000000000), exp(0.400000000000000), exp(0.400000000000000), exp(0.400000000000000)};

const  double  laborincome_shock_states[25] ={exp(-0.400000000000000), exp(-0.200000000000000), exp(0.000000000000000), exp(0.200000000000000), exp(0.400000000000000), exp(-0.400000000000000), exp(-0.200000000000000), exp(0.000000000000000), exp(0.200000000000000), exp(0.400000000000000), exp(-0.400000000000000), exp(-0.200000000000000), exp(0.000000000000000), exp(0.200000000000000), exp(0.400000000000000), exp(-0.400000000000000), exp(-0.200000000000000), exp(0.000000000000000), exp(0.200000000000000), exp(0.400000000000000), exp(-0.400000000000000), exp(-0.200000000000000), exp(0.000000000000000), exp(0.200000000000000), exp(0.400000000000000)};

const  double  risk_labor_shock_trans[1][25] = {
{0.034855606323380, 0.028239483509576, 0.003663068220802, 0.000048988856102, 0.000000054358998, 0.028239483509576, 0.127225867586139, 0.079944577002564, 0.006271420502749, 0.000048988856102, 0.003663068220802, 0.079944577002564, 0.215709632101295, 0.079944577002564, 0.003663068220802, 0.000048988856102, 0.006271420502749, 0.079944577002564, 0.127225867586139, 0.028239483509576, 0.000000054358998, 0.000048988856102, 0.003663068220802, 0.028239483509576, 0.034855606323380}};

const  double  risk_labor_shock_pre_trans[1][25] = {
{0.034855606323380, 0.028239483509576, 0.003663068220802, 0.000048988856102, 0.000000054358998, 0.028239483509576, 0.127225867586139, 0.079944577002564, 0.006271420502749, 0.000048988856102, 0.003663068220802, 0.079944577002564, 0.215709632101295, 0.079944577002564, 0.003663068220802, 0.000048988856102, 0.006271420502749, 0.079944577002564, 0.127225867586139, 0.028239483509576, 0.000000054358998, 0.000048988856102, 0.003663068220802, 0.028239483509576, 0.034855606323380}};

const  int  size_shock=5; 
