// For Copy: PRODUCTIVITY SHOCKS

// For Copy: TRANSITION MATRIX FOR PRODUCTIVITY SHOCKS

const  double  risk_shock_states[49] ={exp(-0.600000000000000), exp(-0.600000000000000), exp(-0.600000000000000), exp(-0.600000000000000), exp(-0.600000000000000), exp(-0.600000000000000), exp(-0.600000000000000), exp(-0.400000000000000), exp(-0.400000000000000), exp(-0.400000000000000), exp(-0.400000000000000), exp(-0.400000000000000), exp(-0.400000000000000), exp(-0.400000000000000), exp(-0.200000000000000), exp(-0.200000000000000), exp(-0.200000000000000), exp(-0.200000000000000), exp(-0.200000000000000), exp(-0.200000000000000), exp(-0.200000000000000), exp(0.000000000000000), exp(0.000000000000000), exp(0.000000000000000), exp(0.000000000000000), exp(0.000000000000000), exp(0.000000000000000), exp(0.000000000000000), exp(0.200000000000000), exp(0.200000000000000), exp(0.200000000000000), exp(0.200000000000000), exp(0.200000000000000), exp(0.200000000000000), exp(0.200000000000000), exp(0.400000000000000), exp(0.400000000000000), exp(0.400000000000000), exp(0.400000000000000), exp(0.400000000000000), exp(0.400000000000000), exp(0.400000000000000), exp(0.600000000000000), exp(0.600000000000000), exp(0.600000000000000), exp(0.600000000000000), exp(0.600000000000000), exp(0.600000000000000), exp(0.600000000000000)};

const  double  laborincome_shock_states[49] ={exp(-0.600000000000000), exp(-0.400000000000000), exp(-0.200000000000000), exp(0.000000000000000), exp(0.200000000000000), exp(0.400000000000000), exp(0.600000000000000), exp(-0.600000000000000), exp(-0.400000000000000), exp(-0.200000000000000), exp(0.000000000000000), exp(0.200000000000000), exp(0.400000000000000), exp(0.600000000000000), exp(-0.600000000000000), exp(-0.400000000000000), exp(-0.200000000000000), exp(0.000000000000000), exp(0.200000000000000), exp(0.400000000000000), exp(0.600000000000000), exp(-0.600000000000000), exp(-0.400000000000000), exp(-0.200000000000000), exp(0.000000000000000), exp(0.200000000000000), exp(0.400000000000000), exp(0.600000000000000), exp(-0.600000000000000), exp(-0.400000000000000), exp(-0.200000000000000), exp(0.000000000000000), exp(0.200000000000000), exp(0.400000000000000), exp(0.600000000000000), exp(-0.600000000000000), exp(-0.400000000000000), exp(-0.200000000000000), exp(0.000000000000000), exp(0.200000000000000), exp(0.400000000000000), exp(0.600000000000000), exp(-0.600000000000000), exp(-0.400000000000000), exp(-0.200000000000000), exp(0.000000000000000), exp(0.200000000000000), exp(0.400000000000000), exp(0.600000000000000)};

const  double  risk_labor_shock_trans[1][49] = {
{0.002167936140794, 0.003306421594117, 0.000718916410139, 0.000016359860442, 0.000000031315851, 0.000000000004432, 0.000000000000000, 0.003306421594117, 0.026074826994352, 0.027520567099437, 0.003646708360360, 0.000048957540250, 0.000000054350134, 0.000000000004432, 0.000718916410139, 0.027520567099437, 0.127225867586139, 0.079944577002564, 0.006271420502749, 0.000048957540250, 0.000000031315851, 0.000016359860442, 0.003646708360360, 0.079944577002564, 0.215709632101295, 0.079944577002564, 0.003646708360360, 0.000016359860442, 0.000000031315851, 0.000048957540250, 0.006271420502749, 0.079944577002564, 0.127225867586139, 0.027520567099437, 0.000718916410139, 0.000000000004432, 0.000000054350134, 0.000048957540250, 0.003646708360360, 0.027520567099437, 0.026074826994352, 0.003306421594117, 0.000000000000000, 0.000000000004432, 0.000000031315851, 0.000016359860442, 0.000718916410139, 0.003306421594117, 0.002167936140794}};

